Alpha4=0.348888888889
Alpha3=0.191888888889
Alpha2=0.191888888889
Alpha6=0.418666666667